Oman,113.52999877929688,2700,1
Peru,129.77999877929688,2500,2
Chile,131.91000366210938,36400,6
China,125.08000183105469,1805500,523
Egypt,288.57000732421875,13500,4
India,180.44000244140625,628700,157
Italy,110.62000274658203,156900,55
Japan,105.4800033569336,146800,38
Nepal,188.72999572753906,1800,1
Qatar,115.37999725341797,3000,2
Spain,110.95999908447266,133700,25
Brazil,167.39999389648438,104800,44
Canada,116.76000213623047,173900,42
Cyprus,102.51000213623047,9600,5
France,110.05000305175781,499500,35
Greece,101.87000274658203,9100,3
Israel,108.1500015258789,72500,26
Latvia,116.86000061035156,4200,1
Mexico,141.5399932861328,165700,13
Monaco,-999.0,68000,17
Norway,120.2699966430664,27100,9
Poland,114.11000061035156,18300,5
Russia,180.75,351000,79
Sweden,110.51000213623047,90900,26
Taiwan,-999.0,117900,43
Turkey,234.44000244140625,55700,25
Algeria,151.36000061035156,4600,1
Andorra,-999.0,1500,1
Armenia,129.17999267578125,1200,1
Austria,118.05999755859375,75400,11
Bahamas,-999.0,8200,2
Bahrain,117.58999633789062,1500,1
Belgium,117.11000061035156,41200,3
Bermuda,-999.0,4600,2
Denmark,110.3499984741211,40900,7
Finland,112.33000183105469,14000,7
Georgia,133.61000061035156,4900,1
Germany,112.8499984741211,462100,102
Hungary,121.63999938964844,3900,3
Ireland,-999.0,9600,4
Lebanon,130.02000427246094,5600,2
Morocco,111.06999969482422,2800,2
Nigeria,267.510009765625,28500,3
Romania,123.77999877929688,4800,3
Ukraine,281.6600036621094,12600,6
Uruguay,202.9199981689453,1800,1
Vietnam,163.52000427246094,12600,6
Cambodia,127.62999725341797,2800,1
Colombia,140.9499969482422,6400,1
Guernsey,-999.0,2300,1
Malaysia,121.45999908447266,33100,11
Portugal,110.62000274658203,4700,1
Slovakia,115.33999633789062,3100,2
Tanzania,187.42999267578125,1500,1
Thailand,113.2699966430664,100700,28
Argentina,232.75,11000,4
Australia,119.80000305175781,173500,43
Hong Kong,-999.0,321500,68
Indonesia,151.17999267578125,123900,25
Singapore,114.41000366210938,138000,46
Kazakhstan,182.75,26300,7
Luxembourg,115.08999633789062,3500,1
Uzbekistan,-999.0,14400,1
Netherlands,115.91000366210938,24700,10
New Zealand,114.23999786376953,10100,2
Philippines,129.61000061035156,41400,14
South Korea,115.16000366210938,81400,29
Switzerland,99.55000305175781,409900,78
South Africa,158.92999267578125,25600,5
Liechtenstein,-999.0,2300,1
United States,117.23999786376953,4575100,754
Cayman Islands,-999.0,10900,3
Czech Republic,116.4800033569336,42800,7
United Kingdom,119.62000274658203,370700,82
Eswatini (Swaziland),-999.0,6500,1
United Arab Emirates,114.5199966430664,99400,17
British Virgin Islands,-999.0,3400,1
Turks and Caicos Islands,-999.0,2000,1
